Anchylorhynchus_aegrotus (0,1)040010(0,2)1010102101020110112202211111100?300201101111(0,1)002010100(0,2)10(0,1)00102210012031121000101111010-00000311000101101
Anchylorhynchus_albidus 30420102001122010112000???????????0????????2??103000100102??10000000002200011021021000202110010-00000111010111101
Anchylorhynchus_amazonicus (1,2)0400100101(0,1)2200010200011(0,1)2221302111201211221210(2,3)000100002021101(0,1)0000(0,1)31100110210100(0,2)(0,1)10211101100000011(0,1,2)01(0,1)1(0,1)1(0,1)01
Anchylorhynchus_bicarinatus (2,3)0(1,2)00110111(0,1)22010102000101121220111111021122211110011002020210011000002200112221012221101111010-000101(1,2)20101(0,1)1101
Anchylorhynchus_bicolor (0,1,2)040010(0,1)101022010122100021020220200101124002210020001001020320001(0,1)01003210012131010021202010110-0000021100(0,1)101101
Anchylorhynchus_bucki (0,1,2)04001001010(1,2)0010102011011220221211100022112110010011000020320201101002010011021000000102111010-00000122010111101
Anchylorhynchus_burmeisteri (2,3)0400100(0,1)01(0,1)21010122000121020221210101023012111130001000120320111(0,1)01013310012031122231212110110-000001(0,1)201(0,1)(0,1)(0,1)1101
Anchylorhynchus_camposi (1,2)04001001010220101020001111211302110101211121210(1,2)0001000020211001000003200011021020021102111011000000112010111101
Anchylorhynchus_centrosquamatus (2,3)0400100101(0,1)2200011200000122213021112012111212103000100202031100000001321001212102000110111011100000011(1,2)010101101
Anchylorhynchus_chrysomeloides (2,3)0400100101022(1,2)101221001210202201001210240121011200(0,1)100102032021010?013210012131120221202010110-000002110?010?101
Anchylorhynchus_goiano (1,2)0400100(0,1)010220101021000112221302001201212122200100(0,1)10020212110000000122100120210211102021100111000001(0,1)(0,1)010111101
Anchylorhynchus_imitator (1,2)0400100101(0,1)22000102000110222130211120121122120020101000020211001000003210011(0,1)(2,3)10122211021110110000001(0,1)(0,1)010101101
Anchylorhynchus_latipes (1,2)0400100(0,1)01022000102000011122130211120121212120030011002021401010000012100011021020021102110011100000111010111101
Anchylorhynchus_luteobrunneus (2,3)041011(0,2)101022(0,1,2)10102000011122120210110122102011112001000021101(0,1)11(0,1)0(0,1)01(2,3)200012121111100201110110-000001(1,2)10(0,1)0101101
Anchylorhynchus_minimus (0,1,2)040010010102201011211001112120?211111023002111020001001020210010(0,1)?0013110011031021100201110110-0000011(1,2)01(0,1)1(0,1)1(0,1)01
Anchylorhynchus_multisquamis (1,2)04001001010220101020000??????????0????2???2??1130011000010320011001013300012131122221102011111200000111010111101
Anchylorhynchus_parcus 1040?10(0,2)?010222101221000??????????01?????00???111??01??10202?10010?001321?011131020?3?????????0-??????(1,2)1010111101
Anchylorhynchus_pinnocchio 314200001011220211020000111221212021001210121111101(0,1)100001200100000000(2,3)300012021101100202111110-000001(0,1,2)(1,2)(0,1)10111101
Anchylorhynchus_rectus (1,2)04001001010220001021101112221302111201211121210101010000213110010000032100110210211211021110110000001(1,2)1010111101
Anchylorhynchus_trapezicollis (0,1,2)0400100(0,1)01(0,1)220101020000111221302000201212121200300(0,1)1002021201010000(0,1)121100110210211102021100111000001(1,2)1010111101
Anchylorhynchus_tremolerasi (2,3)040010(2,3)101(0,2)22(0,1,2)1012210002102022121010102300220(0,1)(0,1)200(0,1)1001020210(0,2)10(0,1,2)0(0,1)0(0,1)3111012031120021212010110-00000212010101101
Anchylorhynchus_tricarinatus (0,1,2)02001201110220101040000010212212211111212221211300(0,1)1001020100011000002300112221111221202110110-000004110101(0,1)1101
Anchylorhynchus_vanini (2,3)04(0,1)0100001010210103(0,1)1001100?23121111102201111101111111202????(0,2)110001120000120210201402012??010-00000111010111101
Anchylorhynchus_variabilis (2,3)0400100(0,1)01(0,2)10(1,2)10112111021120220201000122202010030011002020100010(0,1,2)11(0,1)11?00012?11121110223111110-000001(1,2)201(0,1)1(0,1)1(0,1)01
Anchylorhynchus_vittipennis (2,3)0400100101(0,1)102101121010210202212110101221020100300(0,1)0001020100210(1,2)0?103210011031021110212111110-000001(1,2)1010111101
Andranthobius_bondari (2,3)00-000002010?000000000000110000001000000100001010004000001100000000000?00000?0000004200310??00-001?0?0211100001(0,1)
Celetes_binotatus (1,2)0302000001010010010000011251111002100023100110000002001221100001000001?00001?11121110001010000-000000021(1,2)10(0,1)0111
Celetes_langei (1,2,3)03220002?002000000000001104111101110002311010000000300?011100(0,2)01000010?00000?01110040001110000-0100001(1,2)1(0,2)1001111
Elaeidobius_kamerunicus 2030100000000?000001000001030110002100010020102030012000000210001200?10?00000?0000110000100?000-10001?(0,1)(1,2)1(1,2)1(0,1)00010
Elaeidobius_subvittatus (0,1)0301000000000000001000010030111003110010021001010004000000210001000000?00000?0000110000000?000-00001?1(1,2)1(1,2)1001111
